"date","H2O_Turb","H2O_Temp","H2O_pH","H2O_DO","H2O_Cond","Air_Temp","H2O_NO3","H2O_PO4","H2O_ecoli","H2O_coliform","null_null"
"2000-12-21",1.31,4.4,7.6,12.31,34.9,4,,,,,
"2001-01-18",0.2,1.33,7.03,12.76,19.8,-2.4,,,,,
"2001-02-08",0.2,1.4,7.27,14.08,21.2,0,,,,,
"2001-03-15",0.8,5.2,7,11.48,28.1,7,,,,,
"2001-04-19",1,6.03,6.1,11.77,38.7,5,,,,,
"2001-05-17",0.8,11.1,5.23,10.69,26.6,22,,,,,
"2001-06-07",0.1,11.9,7.2,9.56,41.8,19,,,,,
"2001-08-16",2.2,18,6.7,8.42,30.9,34,,,,,
"2001-09-14",0.6,16.4,6.7,8.88,32.3,24,,,,,
"2001-10-11",0.8,13.9,7.37,9.06,26.3,11.5,,,,,
"2001-11-15",0.2,9.6,7.27,10.03,23.8,5.8,0.25,,,,
"2001-12-13",0.4,4,7.23,12.63,38.1,1.4,,,,,
"2002-01-17",0.3,3.1,6.63,12.11,22,-0.2,,,,,
"2002-02-14",0.4,4.5,6,11.57,40.2,,0.25,1,,,
"2002-03-14",0.6,4.8,6.97,11.78,34.6,2.6,,,,,
"2002-04-18",1.3,,7.47,12.17,39.2,1.8,,,,,
"2002-05-16",0.2,8.6,7.8,10.85,36.9,19.7,1,1,,,
"2002-06-13",0.4,11.4,7.2,9.67,36.6,17.1,,,,,
"2002-07-18",0.2,14.7,7.63,9.52,27.1,21.5,,,,,
"2002-08-15",0.1,15.8,7.5,8.73,31.3,22.8,0.18,0.01,,,
"2002-09-19",0.6,13.13,7.47,10.25,32.2,11.9,,,,,
"2002-10-10",1.2,12.6,6.53,13.7,25.7,15.9,,,,,
"2002-11-26",0.3,5.4,7.57,,45.4,1.4,,,,,
"2002-12-12",0.2,4.9,7.4,,42.8,4.1,,,,,
"2003-01-16",0.3,4.73,7.13,,34.6,0.4,,,,,
"2003-02-08",0.4,3,7.33,12.31,40.1,2.7,,,,,
"2003-03-13",0.1,6.8,6.47,11.74,28.7,10.8,,,,,
"2003-04-17",0.7,6.4,6.57,19.66,24.1,5.5,0.04,0.01,,,
"2003-05-15",0.7,12.27,6.9,9.14,,15.5,,,,,
"2003-06-19",0.2,11.4,6.63,8.89,35.7,18.3,,,,,
"2003-07-17",0.2,13.2,6.63,9.27,34.9,22,,,,,
"2003-08-14",0.2,13.9,5.87,8.82,40.5,16.7,,,,,
"2003-09-18",0,10.9,6.3,9.7,29.7,8.7,,,,,
"2003-10-16",3,10.3,5.77,9.87,38.3,6.1,,,,,
"2003-11-13",0.2,7.7,6.67,11.15,40.1,4.9,,,,,
"2003-12-18",0.3,4.13,6.37,11.28,22,,,,,,
"2004-01-15",2.5,4.57,6.2,11.43,30,1.8,,,,,
"2004-02-19",2.6,6.27,5.7,10.98,10,,,,,,
"2004-03-18",0.4,6.77,6.43,9.53,30,14.3,0.01,0.01,,,
"2004-04-15",0.1,7.27,6.43,10.62,39.8,,0,0.03,,,
"2004-05-13",0.6,8.07,6.37,10.52,39.4,10.9,0,0.01,,,
"2004-06-16",0.2,11.63,5.8,10.37,31.8,16.1,0,0.04,,,
"2004-07-15",0,13.6,5.3,9.32,31.1,20.4,0,0,,,
"2004-08-19",0.1,15.8,6.83,8.85,37.2,20.9,0.06,0.02,,,
"2004-09-16",0,14.3,6.63,8.69,32.8,19.5,0.03,0,,,
"2004-10-14",1,12.9,5.93,9.65,34.2,10.4,0.03,0,,,
"2004-11-18",0.4,7.13,5.93,11.44,40.4,4.2,,,,,
"2004-12-16",0.2,3.63,5.47,17.15,38.6,1.1,0,,,,
"2005-01-18",0.9,5.1,6.5,16.33,42.2,3,0,0.01,,,
"2005-02-15",2.3,5.4,6.27,11.95,38.5,5.9,0,0,,,
"2005-03-17",0.7,5.13,6.17,14.14,38.1,11.5,0.01,0.01,,,
"2005-04-14",0.2,5.13,6.72,,36.5,4.6,0,0.01,,,
"2005-05-19",5,8.5,5.57,15.56,29.1,9.7,0.01,0.05,,,
"2005-06-23",0.7,10.4,6.73,10.16,34.2,18.6,0.01,0.01,,,
"2005-07-21",0,14.6,7.03,8.82,30.9,21,0.04,0,,,
"2005-08-18",0,13.8,6.23,9.03,40.1,19.2,0.02,0,,,
"2005-09-15",0,11.3,7.3,15.7,37.8,14.3,0.01,0.01,,,
"2005-10-13",0.1,11,7.6,10.71,36.9,11,0.02,0,,,
"2005-11-17",,6.17,6.03,11.63,37.8,3.6,0,0,,,
"2005-12-15",0,4.2,6.4,16.54,42.5,-1,0,0.01,,,
"2006-01-19",0.8,4.7,5.67,17.48,32.7,0,0.03,0,5.2,60.2,
"2006-02-16",0,3.5,6.88,15.71,38.9,0.8,0.01,0,13.4,38.8,
"2006-04-13",1,6.9,4.8,10.78,34.55,8.7,0,0,2,32.8,
"2006-05-18",1.1,10.7,6.63,12.39,33.8,22,0.02,0.02,7.3,648.8,
"2006-06-15",0,8.93,5.87,10.16,20.9,15.2,0,0,8.5,1119.9,
"2006-07-13",0,11.8,5.13,9.36,33.1,17.6,0,0,9.8,2419.6,
"2006-08-17",0.5,13.2,7.55,10.21,25.5,15.5,0,0,4.4,338.4,
"2006-09-14",0.1,14,6.48,,29.4,16.1,0,0.01,55.7,2419.6,
"2006-10-12",0,9.93,7.03,14.65,37.4,7,0.02,0,5.2,2419.6,
"2006-11-15",0,8.8,6.3,15.41,42.1,9.8,0,0,9.8,187.2,
"2006-12-14",1.2,7.6,6,14.41,40,9.2,0.01,0,16,93.4,
"2007-01-18",0,0.8,6.43,13.71,24.8,-0.1,0,0,3,33.2,
"2007-02-15",0.2,5.3,5.87,15.29,39.3,8,0,0,5.2,78,
"2007-03-15",0.2,4.6,7.31,15.68,38.1,4.8,0,0,6.2,32.7,
"2007-04-19",0,5.2,7.39,12.27,41.3,2.2,0,0,3,35,
"2007-05-17",0.2,9.03,6.43,13.55,39.9,14.8,0,0,4.1,95.9,
"2007-06-14",0.2,9.03,6.43,13.55,39.9,25.5,0,0,2,727,
"2007-07-12",0.2,12.67,6,9.09,44.7,20.9,0,0,76.7,1119.9,
"2007-08-16",0,14.23,5.43,13.35,39.5,17.9,0,0,24.6,2419.6,
"2007-09-13",0,15.1,7.77,8.78,34.9,14.3,0,0.01,24.1,2419.6,
"2007-10-11",0,9.53,6.94,15.14,28.1,7.1,0,0,19.9,75.4,
"2007-11-15",0.2,8.97,6.73,14.86,43.3,6.9,0,0,3,65.7,
"2007-12-13",0,1.63,5.87,15.91,29.4,-2.6,0,0.01,34.1,70.3,
"2008-01-17",0.2,2.1,6.03,17.32,24.9,-1.2,0,0,7.3,10.8,
"2008-03-13",1,5.8,7,11.27,42.8,7.9,0.01,0,7.5,261.3,
"2008-04-17",0.1,4.3,6.37,10.62,42.4,10.9,0.01,0.01,43.9,62.9,
"2008-05-15",0.1,9.5,6.67,13.99,43.8,20.5,0.01,0,11,214.3,
"2008-06-19",0,9.2,6.57,13.5,39.1,16.9,0,0.01,9.8,149.7,
"2008-07-17",0,12.2,6.9,,36.8,19,0.04,0,5.2,87.4,
"2008-08-14",0,16.6,6.91,9.75,36.8,19.1,0.01,0.02,93.3,2419.6,
"2008-09-18",0,13.5,6.07,13.45,34.9,13.3,0.01,0.01,20.1,2419.6,
"2008-10-09",0.1,10.2,6.6,,26.6,6.4,0.01,0,4.1,2419.6,
"2008-11-20",0.2,7.7,6.23,11.21,35.6,4.2,0,0,62,71.7,
"2008-12-11",0,5.17,5.7,15.07,40.1,1.6,0,0,0,344.8,
"2009-01-14",0.4,8.47,6.49,12.55,48.2,-0.4,0,0,0,95.9,
"2009-02-19",0.4,2.3,7.18,12.81,48.4,2.3,0.02,0,0,14.4,
"2009-03-19",0.1,5.4,5.77,14.35,37.7,5.9,0.01,0,6.6,135.1,
"2009-04-16",0,4.3,7,16.34,42.6,2.5,0.01,0.01,0,63.3,
"2009-05-14",0.6,7.6,7.16,15.66,37.2,16.7,0.01,0.01,2,214.2,
"2009-06-18",0.2,12.2,7.06,13.12,41.8,24.1,0.01,0.01,12.1,47.3,
"2009-07-16",0.2,13.2,7.07,9.43,48.8,17.5,0.01,0.01,5.2,2419.6,
"2009-08-13",0,14,7.15,12.77,34.3,17.5,0.02,0.01,15.8,2419.6,
"2009-09-17",0.2,14.8,7.08,10.33,31.3,13.6,0,0,13.2,2419.6,
"2009-10-08",0,11.37,7.09,13.88,33.4,13.6,0.04,0.01,3.1,648.8,
"2009-11-18",0,5.43,7.29,15.2,46.5,1.6,0.01,0,1,261.3,
"2009-12-16",0.5,4.6,7.45,13.61,45.9,3.8,0,0.01,2,93.4,
"2010-01-14",0.8,4.1,7.08,16.27,46.9,1.8,0,0.01,4.1,143,
"2010-02-18",0.6,3.4,7.12,,49.1,4.1,0,0,0,82,
"2010-03-18",0.2,5.6,6.93,15.07,48.9,5.9,0.02,0,1,2,
"2010-04-15",1.1,5.8,6.82,15.15,39.1,10.7,0,0,6.1,47.3,
"2010-05-13",0.7,5.9,6.88,15.29,43.6,12.6,0.03,0,3,86,
"2010-06-17",0.8,,6.53,10.65,39,14.6,0.01,0,13.5,770.1,
"2010-07-15",0.2,12.4,6.96,9.04,38.6,20.6,0.01,0,7.5,435.2,
"2010-08-19",0.2,12.5,7.03,13.96,27.7,15.9,0.01,0,,,
"2010-09-16",0.4,12.1,6.8,9.83,38.3,11.9,0,0.01,1,2419.6,
"2010-10-14",0.2,12.7,6.7,15.26,38.3,13.1,0,0,10.9,686.7,
"2010-11-18",0.3,7,6.66,15.82,42.5,4.2,0,0,11,172.5,
"2010-12-09",2.6,5.9,6.73,12.8,38,3.2,0.02,0.02,42.8,325.5,
"2011-01-20",0.4,4.5,6.31,11.9,39.6,1.6,0,0.02,0,6.3,
"2011-03-17",3.5,5.93,5.97,18.25,35.1,3.1,0,0.01,6.2,45,
"2011-04-14",0.5,5.6,6.3,11.07,37.7,4,0.01,0,0,13.1,
"2011-05-19",1,5.8,,11.2,35.7,10.6,0.02,0.07,4.1,22.1,
"2011-06-20",0.8,12.4,6.26,9.57,31.8,23.9,0.03,0.17,6.3,185,
"2011-06-30",0.6,9.07,5.56,10.08,36.7,14.1,0,0.04,,,
"2011-07-14",0.3,10.2,6.23,10.73,29.5,17.4,0.03,0.03,34.5,224.7,
"2011-08-18",0.3,12.5,6.23,9.6,30.1,15.1,0,0.01,2,261.3,
"2011-09-15",0.6,14.1,6.21,9.09,33,16.1,0.05,0.01,6.3,196.8,
"2011-10-26",0.4,9,6.12,13.41,31.7,7,0,0.04,11,387.3,
"2011-12-15",0,2.6,6.39,11.9,26,0,0.02,0.04,1,5.2,
"2012-01-19",0,3,6.15,12.49,21.7,0.2,0.05,0.01,1,1,
"2012-02-16",0.2,2.6,6.16,12.81,40.3,1.6,0.04,0.02,0,7.1,
"2012-04-19",0.3,7,6.41,10.83,39.2,10.2,0,0.02,1,1,
"2012-05-17",0.7,9.2,6.16,10.09,36.4,14.1,0.02,0.04,8.5,19.9,
"2012-06-14",0.6,11.4,7.28,10.11,35.6,20.5,0.05,0.05,5.2,8.5,
"2012-07-19",0.1,13.4,7.15,9.37,37.1,20.2,0.02,0.03,6.3,67.7,
"2012-08-16",0.6,15.83,7.2,9.23,33.6,23.4,0.04,0.01,3.1,20.3,
"2012-09-13",0,14.4,7.12,10.8,32.3,15,0.04,0.01,4.1,65.7,
"2012-10-11",0.1,12.3,,10.06,32.2,9.5,0.01,0.01,4.1,57.3,
"2012-11-15",0,7.3,7.23,11.15,39.7,5.1,0,0,2.2,33.4,
"2012-12-13",0.3,5.7,7.32,11.04,43.1,1.3,0.01,0.01,11,137.6,
"2013-01-17",0.1,3.87,6.83,11.71,22,-1.6,0.05,0.04,0,57.3,
"2013-02-14",0,3.7,7.03,11.57,42.8,3.6,0.03,0.02,1,7.3,
"2013-04-18",0.6,5.32,7.36,11.42,43.1,10,0.03,0.02,0,1,
"2013-05-16",0.4,10.23,6.91,10,44.6,13.2,0.01,0.04,2,13.4,
"2013-06-13",0.1,11.33,7.04,9.93,40.17,17.7,0.07,0.07,5.2,14.8,
"2013-07-18",0.2,14.68,6.77,8.78,37.63,16.7,0.05,0.01,10.9,488.4,
"2013-08-21",0.1,17.02,7.16,8.87,33.3,19.7,0.02,0.16,1,579.4,
"2013-09-19",0.6,12.72,6.86,9.65,36.67,9.8,0.04,0.21,1,61.3,
"2013-10-09",0.2,11.25,7.33,9.58,32.2,13,0.02,,1,206.4,
"2013-11-14",0,7,7.21,,38.7,7,0,0.08,1,135.4,
"2013-12-19",1,1.38,6.5,12.6,52.53,1.7,0.04,0.02,10.8,579.4,
"2014-01-16",0,3.43,7.24,11.95,45.06666667,1.4,0.006666667,0.06,7.5,44.3,
"2014-02-13",1.5,6.27,6.28,11.55,24.9,8,0,0.043333333,4.1,7.4,
"2014-03-13",0,4.8,6.75,11.47,34.53333333,16.2,0,0.01,2,26.6,
"2014-04-17",0.3,8.15,6.71,10.41,44.77,,0,0.06,1,64,
"2014-05-16",0.1,9.43,7.2,10.32,43.5,17.3,0,0.05,4.1,33.7,
"2014-06-19",0,9.55,7.14,8.86,41,20.1,0.01,0.03,7.5,13.5,
"2014-07-17",0,14.58,7.11,7.89,34.37,24.2,0,0.05,6.3,2419.6,
"2014-08-14",0.2,14.98,6.26,9.28,29.83,20.3,0.01,0.09,28.8,387.3,
"2014-09-18",0.2,15.65,7.33,8.48,31.2,20.2,0.03,0.03,42.2,2419.6,
"2014-10-14",0,13.23,7,9.41,34.83,13.8,0.01,0.01,6.2,134.4,
"2014-11-13",0.7,8.95,7.35,10.18,49.97,13.9,0.02,0.01,7.4,770.1,
"2014-12-18",0.5,6.75,7.19,11.78,38.63,6.6,0.01,0.02,1,93.4,
"2015-01-15",0,3.83,7.27,12.65,40.06666667,3.5,0,0.003333333,4.1,157.6,
"2015-02-19",0.1,6.67,7.2,11.66,42.9,9.1,0,0,13.4,53.6,
"2015-03-19",0.2,6.2,7.15,11.36,42.8,7.4,0,0.023333333,3,63.8,
"2015-04-16",0,6.9,7.19,13.82,51.83333333,22.3,0.006666667,0.023333333,1,2,
"2015-05-14",2.5,7.48,7.05,12.7,32.33,13.9,0,0.09,4.1,488.4,
"2015-06-11",1.5,12.72,7.19,11.72,38.1,22.7,0.01,0.04,21.3,62.7,
"2015-07-16",0,13.1,7.1,9.75,35.6,22.4,0.01,0.01,1553.1,2419.6,
"2015-08-13",0.1,14.15,7.34,9.41,30.5,20.2,0.01,0.07,17,325.5,
"2015-09-17",0.6,13.85,7.01,9.58,30.87,14.4,0.01,0.02,83.8,410.6,
"2015-10-14",4.2,13.55,7.01,8.97,31.27,12.1,0.03,0.05,28.8,325.5,
"2015-11-19",0.8,7.97,6.85,9.82,38.87,4.8,0,0.02,13.4,770.1,
"2016-01-14",1.06,4.5,7.19,11.64,37,3.4,0,0.08,,,
"2016-02-18",1.06,4.7,6.89,11.5,41,3.6,0,0,,,
"2016-03-17",1.96,7.6,6.79,11.31,32.5,5,0.02,0,,,
"2016-04-14",0.11,7.7,7.27,10.87,40.7,7,0,0,,,
"2016-05-19",0.58,9.6,6.98,10.76,31.2,17.7,0,0.1,,,
"2016-06-16",0.31,7.9,7.5,12.69,31.7,16.6,0,0.06,,,
"2016-07-14",0.37,13.1,6.9,9.71,31.3,19.1,0,0,,,
"2016-08-18",0.47,16,7.29,8.53,30.1,21.7,0,0.02,,,
"2016-09-21",0.7,13.5,7.6,9.37,28.4,18.4,0,0,,,
"2016-10-13",0.59,10.3,6.75,10.11,33.8,10.6,0.03,,,,
"2016-11-17",0.51,5.6,6.49,11.17,,1.6,0.01,0,,,
"2017-03-23",,5.9,7.01,11.35,29.9,5.4,0,0.07,,,
"2017-04-13",,7.2,6.98,11.18,33.4,4.6,0,0.02,,,
"2017-05-18",,7.5,7.36,11.25,44.9,13.9,0.05,0.03,,,
"2017-06-15",,8.7,7.22,11.04,32.3,13.2,0.02,0,,,
"2017-07-13",,11.9,7.27,9.71,33.4,17.2,0,0.01,,,
"2017-08-17",,15.8,7.38,9.04,30.3,17.2,0.01,0.02,,,
"2017-09-14",,15.1,7.27,9.2,27.4,17.7,0.01,0.08,,,
"2017-12-14",,4.3,7.28,11.5,41.7,1,0,0.01,,,
"2018-01-15",0.41,6.1,6.82,12.07,39.7,5,0,0.01,,,
"2018-02-15",0.22,2.9,6.01,13.16,42.3,0.6,0,0.02,,,
"2018-04-18",0.4,6.4,7.34,10.47,46.1,6,0.01,0,,,
"2018-05-19",0.73,8.23,7.35,,38.4,15,0,0.03,,,
"2018-06-14",0.27,10.8,7.65,10.61,37.2,15.5,0,0.02,,,
"2018-07-19",0.17,15,8.03,9.56,27,25.3,0.02,0.05,,,
"2018-08-16",0.29,15.4,7.66,9.37,31.5,18.8,0,0.02,,,
"2018-09-13",0.28,13.53,7.65,10.75,33.1,13.1,0,0.02,,,
"2018-10-25",0.4,10.6,7.43,10.33,36.9,14.6,0,0.02,,,
"2018-11-16",0.06,7.5,7.7,10.79,37.2,9.4,0,0.03,,,
"2018-12-13",0.27,4.5,7.52,11.03,40.7,1.4,0.01,0.05,,,
"2019-01-24",,4.7,7.44,11.67,41,1.1,,,,,
"2019-03-14",,4.9,7.56,11.16,40.6,0.6,,,,,
"2019-04-18",,4.7,7.53,10.42,40.7,1.1,,,,,
"2019-06-13",0.48,10,7.44,,27.37,17,0,0.05,,,
"2019-07-18",0.43,12.1,7.47,9.7,,16.3,0,0.02,,,
"2019-08-15",0.24,13.9,7.64,9.3,24.47,18.5,0.02,0.01,,,
"2019-09-19",1.18,11.7,7.57,10.8,32.47,8.2,0.03,0.01,,,
"2019-10-17",0.42,11.4,7.75,13.5,31.37,12,0.03,0.01,,,
"2019-11-14",0.12,9.4,7.49,10.2,29.2,10.6,0,0,,,
"2019-11-14",1.31,4.4,7.6,12.3,34.9,4,,,,,
"2019-12-19",0.6,4.9,7.42,11.4,35.97,4.6,0.02,0.02,,,
"2020-02-01",,,8.04,,161.83,13.4,0.216666667,0,,,
"2020-10-01",,,7.99,,190.67,15.9,1.456666667,0.76,,,
"2020-11-21",0.3,4.4,7.45,,31.37,0.8,,,,,
"2020-12-18",0.27,3.2,7.51,,33,-0.4,,,,,
"2021-01-14",0.21,3.7,7.46,11.86,36.77,2.2,,,,,
"2021-02-18",1.26,2.7,7.3,11.96,46.07,0.2,,,,,
"2021-03-19",2.15,4.9,7.13,,48.63,3.4,,,,,
"2021-04-16",0.15,6,7.35,,54.5,5.7,,,,,
"2021-05-10",0.4,8.63,7.14,10.57,50.4,13.4,0.434,0.18,1,325.5,
"2021-06-15",0.69,11.6,7.41,10.65,40.5,17.3,0.036,0.12,12,184.2,
"2021-07-15",0.26,14.9,7.4,9.6,33.5,16.6,0.056,0.31,8.6,547.5,
"2021-08-19",0.3,16.4,7.27,8.73,35.7,14.9,-0.01,0.18,12.1,2419.6,
"2021-09-16",0.2,15.1,7.36,8.53,38.63,11.8,-0.067,0.16,17.1,1299.7,
"2021-10-21",4.94,11.7,7.25,100.03,40,13,0.059,0.19,209.8,2419.6,
"2021-11-18",0.46,7.1,7.15,11.02,35.1,5.1,0.015,0.18,1,285.1,
"2022-01-26",0.28,4.2,7.29,102.33,42.87,-1.6,0,0.18,1,7.5,